v -0.4 0 0.5
v 0.5 0 0.5
v -0.4 0.9 0.5
v -0.4 0.9 0.5
v 0.5 0.9 0.5
v 0.5 0 0.5
v -0.4 0 -0.4
v -0.4 0 0.5
v 0.5 0 0.5
v -0.4 0 -0.4
v 0.5 0 -0.4
v 0.5 0 0.5
v -0.4 0 -0.4
v -0.4 0.9 -0.4
v 0.5 0.9 -0.4
v -0.4 0 -0.4
v 0.5 0 -0.4
v 0.5 0.9 -0.4
v -0.4 0 -0.4
v -0.4 0.9 -0.4
v -0.4 0 0.5
v -0.4 0.9 -0.4
v -0.4 0 0.5
v -0.4 0.9 0.5
v 0.5 0 -0.4
v 0.5 0.9 -0.4
v 0.5 0 0.5
v 0.5 0.9 -0.4
v 0.5 0 0.5
v 0.5 0.9 0.5
v -0.4 0.9 -0.4
v 0.5 0.9 -0.4
v -0.4 0.9 0.5
v -0.4 0.9 0.5
v 0.5 0.9 -0.4
v 0.5 0.9 0.5
