v -1.98 1.02 -1.419999
v -0.9799991 1.02 -1.419999
v -1.98 2.020001 -1.419999
v -1.98 2.020001 -1.419999
v -0.9799991 2.020001 -1.419999
v -0.9799991 1.02 -1.419999
v -1.98 1.02 -2.420002
v -1.98 1.02 -1.419999
v -0.9799991 1.02 -1.419999
v -1.98 1.02 -2.420002
v -0.9799991 1.02 -2.420002
v -0.9799991 1.02 -1.419999
v -1.98 1.02 -2.420002
v -1.98 2.020001 -2.420002
v -0.9799991 2.020001 -2.420002
v -1.98 1.02 -2.420002
v -0.9799991 1.02 -2.420002
v -0.9799991 2.020001 -2.420002
v -1.98 1.02 -2.420002
v -1.98 2.020001 -2.420002
v -1.98 1.02 -1.419999
v -1.98 2.020001 -2.420002
v -1.98 1.02 -1.419999
v -1.98 2.020001 -1.419999
v -0.9799991 1.02 -2.420002
v -0.9799991 2.020001 -2.420002
v -0.9799991 1.02 -1.419999
v -0.9799991 2.020001 -2.420002
v -0.9799991 1.02 -1.419999
v -0.9799991 2.020001 -1.419999
v -1.98 2.020001 -2.420002
v -0.9799991 2.020001 -2.420002
v -1.98 2.020001 -1.419999
v -1.98 2.020001 -1.419999
v -0.9799991 2.020001 -2.420002
v -0.9799991 2.020001 -1.419999
